SSE: [160.09599356]
Silhouette: [0.83506207]
Dunn: [0.00256191]